F:/WorkSpace/NumberDet/example.py
[1, 100] loss: 2.297
[1, 200] loss: 1.982
[1, 300] loss: 0.493
[1, 400] loss: 0.220
[1, 500] loss: 0.157
[1, 600] loss: 0.116
[1, 700] loss: 0.112
[1, 800] loss: 0.090
[1, 900] loss: 0.097
第1个epoch的识别准确率为：97%
[2, 100] loss: 0.068
[2, 200] loss: 0.077
[2, 300] loss: 0.071
[2, 400] loss: 0.057
[2, 500] loss: 0.068
[2, 600] loss: 0.066
[2, 700] loss: 0.056
[2, 800] loss: 0.058
[2, 900] loss: 0.052
第2个epoch的识别准确率为：98%
[3, 100] loss: 0.046
[3, 200] loss: 0.036
[3, 300] loss: 0.045
[3, 400] loss: 0.046
[3, 500] loss: 0.048
[3, 600] loss: 0.047
[3, 700] loss: 0.041
[3, 800] loss: 0.037
[3, 900] loss: 0.036
第3个epoch的识别准确率为：98%
[4, 100] loss: 0.032
[4, 200] loss: 0.035
[4, 300] loss: 0.025
[4, 400] loss: 0.032
[4, 500] loss: 0.032
[4, 600] loss: 0.027
[4, 700] loss: 0.034
[4, 800] loss: 0.028
[4, 900] loss: 0.037
第4个epoch的识别准确率为：98%
[5, 100] loss: 0.031
[5, 200] loss: 0.023
[5, 300] loss: 0.030
[5, 400] loss: 0.022
[5, 500] loss: 0.022
[5, 600] loss: 0.032
[5, 700] loss: 0.025
[5, 800] loss: 0.032
[5, 900] loss: 0.026
第5个epoch的识别准确率为：99%
[6, 100] loss: 0.019
[6, 200] loss: 0.021
[6, 300] loss: 0.019
[6, 400] loss: 0.023
[6, 500] loss: 0.019
[6, 600] loss: 0.018
[6, 700] loss: 0.031
[6, 800] loss: 0.020
[6, 900] loss: 0.024
第6个epoch的识别准确率为：98%
[7, 100] loss: 0.012
[7, 200] loss: 0.009
[7, 300] loss: 0.014
[7, 400] loss: 0.018
[7, 500] loss: 0.018
[7, 600] loss: 0.021
[7, 700] loss: 0.017
[7, 800] loss: 0.023
[7, 900] loss: 0.019
第7个epoch的识别准确率为：99%
[8, 100] loss: 0.011
[8, 200] loss: 0.017
[8, 300] loss: 0.016
[8, 400] loss: 0.018
[8, 500] loss: 0.014
[8, 600] loss: 0.012
[8, 700] loss: 0.018
[8, 800] loss: 0.016
[8, 900] loss: 0.021
第8个epoch的识别准确率为：99%
[9, 100] loss: 0.009
[9, 200] loss: 0.013
[9, 300] loss: 0.008
[9, 400] loss: 0.011
[9, 500] loss: 0.010
[9, 600] loss: 0.018
[9, 700] loss: 0.015
[9, 800] loss: 0.011
[9, 900] loss: 0.013
第9个epoch的识别准确率为：99%
[10, 100] loss: 0.009
[10, 200] loss: 0.013
[10, 300] loss: 0.008
[10, 400] loss: 0.012
[10, 500] loss: 0.011
[10, 600] loss: 0.009
[10, 700] loss: 0.009
[10, 800] loss: 0.012
[10, 900] loss: 0.009
第10个epoch的识别准确率为：99%

进程已结束,退出代码0
